1000
1000000000000000000 367087
1000000000000000000 546890
1000000000000000000 3218
1000000000000000000 445873
1000000000000000000 901754
1000000000000000000 370489
1000000000000000000 570173
1000000000000000000 213410
1000000000000000000 842355
1000000000000000000 70077
1000000000000000000 403484
1000000000000000000 880233
1000000000000000000 843559
1000000000000000000 224990
1000000000000000000 207454
1000000000000000000 633327
1000000000000000000 382989
1000000000000000000 391098
1000000000000000000 530604
1000000000000000000 378369
1000000000000000000 804789
1000000000000000000 403819
1000000000000000000 492694
1000000000000000000 932547
1000000000000000000 178154
1000000000000000000 232518
1000000000000000000 241227
1000000000000000000 922846
1000000000000000000 627325
1000000000000000000 230083
1000000000000000000 952510
1000000000000000000 742560
1000000000000000000 955286
1000000000000000000 202362
1000000000000000000 936136
1000000000000000000 59458
1000000000000000000 35560
1000000000000000000 555857
1000000000000000000 525817
1000000000000000000 866150
1000000000000000000 619486
1000000000000000000 323751
1000000000000000000 427918
1000000000000000000 390238
1000000000000000000 671811
1000000000000000000 278077
1000000000000000000 233266
1000000000000000000 204016
1000000000000000000 295148
1000000000000000000 623733
1000000000000000000 315821
1000000000000000000 8171
1000000000000000000 296069
1000000000000000000 818653
1000000000000000000 937375
1000000000000000000 148114
1000000000000000000 334543
1000000000000000000 518960
1000000000000000000 475554
1000000000000000000 482176
1000000000000000000 333028
1000000000000000000 747612
1000000000000000000 853511
1000000000000000000 685118
1000000000000000000 629761
1000000000000000000 399533
1000000000000000000 404455
1000000000000000000 907635
1000000000000000000 917074
1000000000000000000 634705
1000000000000000000 469148
1000000000000000000 501601
1000000000000000000 852457
1000000000000000000 104119
1000000000000000000 758775
1000000000000000000 252929
1000000000000000000 478726
1000000000000000000 372755
1000000000000000000 319963
1000000000000000000 5498
1000000000000000000 235729
1000000000000000000 33826
1000000000000000000 845423
1000000000000000000 126746
1000000000000000000 195537
1000000000000000000 45100
1000000000000000000 73931
1000000000000000000 580716
1000000000000000000 751664
1000000000000000000 258258
1000000000000000000 242085
1000000000000000000 906556
1000000000000000000 827396
1000000000000000000 212496
1000000000000000000 592557
1000000000000000000 709583
1000000000000000000 559303
1000000000000000000 634067
1000000000000000000 124646
1000000000000000000 199503
1000000000000000000 969674
1000000000000000000 773693
1000000000000000000 901496
1000000000000000000 207518
1000000000000000000 348095
1000000000000000000 201554
1000000000000000000 258049
1000000000000000000 569712
1000000000000000000 169486
1000000000000000000 679687
1000000000000000000 676183
1000000000000000000 276162
1000000000000000000 172771
1000000000000000000 82921
1000000000000000000 784373
1000000000000000000 184326
1000000000000000000 160501
1000000000000000000 335496
1000000000000000000 617039
1000000000000000000 365759
1000000000000000000 794371
1000000000000000000 270307
1000000000000000000 115987
1000000000000000000 560838
1000000000000000000 647909
1000000000000000000 510505
1000000000000000000 436446
1000000000000000000 327675
1000000000000000000 701962
1000000000000000000 253559
1000000000000000000 760725
1000000000000000000 603849
1000000000000000000 424714
1000000000000000000 102404
1000000000000000000 155110
1000000000000000000 926892
1000000000000000000 783113
1000000000000000000 548318
1000000000000000000 567508
1000000000000000000 99081
1000000000000000000 112732
1000000000000000000 147390
1000000000000000000 117698
1000000000000000000 738804
1000000000000000000 822753
1000000000000000000 859225
1000000000000000000 917456
1000000000000000000 239851
1000000000000000000 224165
1000000000000000000 818084
1000000000000000000 389644
1000000000000000000 938397
1000000000000000000 172721
1000000000000000000 172939
1000000000000000000 383957
1000000000000000000 781928
1000000000000000000 114483
1000000000000000000 117068
1000000000000000000 974093
1000000000000000000 556622
1000000000000000000 223213
1000000000000000000 486218
1000000000000000000 84388
1000000000000000000 422254
1000000000000000000 768926
1000000000000000000 116058
1000000000000000000 841236
1000000000000000000 909328
1000000000000000000 164190
1000000000000000000 314146
1000000000000000000 937746
1000000000000000000 882672
1000000000000000000 77388
1000000000000000000 947247
1000000000000000000 31672
1000000000000000000 39165
1000000000000000000 139618
1000000000000000000 452622
1000000000000000000 903212
1000000000000000000 148650
1000000000000000000 149023
1000000000000000000 207564
1000000000000000000 243401
1000000000000000000 585919
1000000000000000000 461913
1000000000000000000 957666
1000000000000000000 497825
1000000000000000000 991548
1000000000000000000 585191
1000000000000000000 77499
1000000000000000000 780212
1000000000000000000 929218
1000000000000000000 175445
1000000000000000000 862366
1000000000000000000 542118
1000000000000000000 645328
1000000000000000000 901434
1000000000000000000 224132
1000000000000000000 894531
1000000000000000000 114146
1000000000000000000 692111
1000000000000000000 112260
1000000000000000000 50407
1000000000000000000 51533
1000000000000000000 981478
1000000000000000000 836238
1000000000000000000 473797
1000000000000000000 522896
1000000000000000000 316933
1000000000000000000 466709
1000000000000000000 144020
1000000000000000000 226705
1000000000000000000 607509
1000000000000000000 56428
1000000000000000000 69747
1000000000000000000 114393
1000000000000000000 557877
1000000000000000000 627838
1000000000000000000 429160
1000000000000000000 200275
1000000000000000000 671114
1000000000000000000 567419
1000000000000000000 21655
1000000000000000000 636924
1000000000000000000 58768
1000000000000000000 761554
1000000000000000000 537798
1000000000000000000 258853
1000000000000000000 671683
1000000000000000000 479493
1000000000000000000 87919
1000000000000000000 371225
1000000000000000000 250897
1000000000000000000 311248
1000000000000000000 917652
1000000000000000000 842757
1000000000000000000 413965
1000000000000000000 54692
1000000000000000000 809413
1000000000000000000 616975
1000000000000000000 613605
1000000000000000000 735025
1000000000000000000 740922
1000000000000000000 806666
1000000000000000000 302879
1000000000000000000 361246
1000000000000000000 143781
1000000000000000000 658628
1000000000000000000 399766
1000000000000000000 196003
1000000000000000000 987476
1000000000000000000 327218
1000000000000000000 296479
1000000000000000000 72870
1000000000000000000 351337
1000000000000000000 934197
1000000000000000000 975692
1000000000000000000 730831
1000000000000000000 959707
1000000000000000000 44280
1000000000000000000 523031
1000000000000000000 197096
1000000000000000000 925295
1000000000000000000 960600
1000000000000000000 932639
1000000000000000000 828059
1000000000000000000 638093
1000000000000000000 650828
1000000000000000000 195651
1000000000000000000 538075
1000000000000000000 288203
1000000000000000000 391776
1000000000000000000 785471
1000000000000000000 85788
1000000000000000000 792979
1000000000000000000 221183
1000000000000000000 307553
1000000000000000000 862889
1000000000000000000 994640
1000000000000000000 465646
1000000000000000000 994491
1000000000000000000 416157
1000000000000000000 963893
1000000000000000000 416401
1000000000000000000 891222
1000000000000000000 389009
1000000000000000000 180173
1000000000000000000 499913
1000000000000000000 643672
1000000000000000000 444503
1000000000000000000 8480
1000000000000000000 925018
1000000000000000000 715173
1000000000000000000 910301
1000000000000000000 318172
1000000000000000000 810230
1000000000000000000 492947
1000000000000000000 748260
1000000000000000000 126449
1000000000000000000 786301
1000000000000000000 533682
1000000000000000000 802814
1000000000000000000 735899
1000000000000000000 585226
1000000000000000000 610574
1000000000000000000 105895
1000000000000000000 654773
1000000000000000000 695817
1000000000000000000 438077
1000000000000000000 556162
1000000000000000000 262337
1000000000000000000 518092
1000000000000000000 588967
1000000000000000000 448143
1000000000000000000 316512
1000000000000000000 138673
1000000000000000000 302901
1000000000000000000 783419
1000000000000000000 62388
1000000000000000000 724329
1000000000000000000 422439
1000000000000000000 688745
1000000000000000000 591359
1000000000000000000 550678
1000000000000000000 868438
1000000000000000000 535561
1000000000000000000 317896
1000000000000000000 679208
1000000000000000000 10830
1000000000000000000 319891
1000000000000000000 585323
1000000000000000000 624841
1000000000000000000 78141
1000000000000000000 970085
1000000000000000000 894747
1000000000000000000 234337
1000000000000000000 353351
1000000000000000000 95756
1000000000000000000 159818
1000000000000000000 273598
1000000000000000000 511364
1000000000000000000 647456
1000000000000000000 766009
1000000000000000000 65313
1000000000000000000 151357
1000000000000000000 693925
1000000000000000000 162315
1000000000000000000 754526
1000000000000000000 155904
1000000000000000000 381455
1000000000000000000 819788
1000000000000000000 659032
1000000000000000000 730276
1000000000000000000 796712
1000000000000000000 569175
1000000000000000000 890107
1000000000000000000 985045
1000000000000000000 126549
1000000000000000000 563855
1000000000000000000 652906
1000000000000000000 432082
1000000000000000000 434926
1000000000000000000 101661
1000000000000000000 928500
1000000000000000000 169585
1000000000000000000 453634
1000000000000000000 241763
1000000000000000000 139168
1000000000000000000 131072
1000000000000000000 953925
1000000000000000000 163963
1000000000000000000 325489
1000000000000000000 236736
1000000000000000000 507943
1000000000000000000 932534
1000000000000000000 230680
1000000000000000000 738602
1000000000000000000 222368
1000000000000000000 390140
1000000000000000000 279195
1000000000000000000 755047
1000000000000000000 789121
1000000000000000000 757332
1000000000000000000 594127
1000000000000000000 826079
1000000000000000000 215558
1000000000000000000 251017
1000000000000000000 256424
1000000000000000000 433720
1000000000000000000 74179
1000000000000000000 656264
1000000000000000000 312048
1000000000000000000 612996
1000000000000000000 575372
1000000000000000000 517565
1000000000000000000 89679
1000000000000000000 182186
1000000000000000000 547974
1000000000000000000 672440
1000000000000000000 754640
1000000000000000000 9792
1000000000000000000 655906
1000000000000000000 400089
1000000000000000000 70978
1000000000000000000 818660
1000000000000000000 830539
1000000000000000000 187131
1000000000000000000 399042
1000000000000000000 440364
1000000000000000000 254587
1000000000000000000 171969
1000000000000000000 976539
1000000000000000000 674129
1000000000000000000 92951
1000000000000000000 919719
1000000000000000000 886743
1000000000000000000 903807
1000000000000000000 954218
1000000000000000000 697259
1000000000000000000 461167
1000000000000000000 852138
1000000000000000000 887173
1000000000000000000 499467
1000000000000000000 715371
1000000000000000000 239735
1000000000000000000 735487
1000000000000000000 531928
1000000000000000000 747468
1000000000000000000 786962
1000000000000000000 580198
1000000000000000000 231079
1000000000000000000 930971
1000000000000000000 103630
1000000000000000000 998906
1000000000000000000 978467
1000000000000000000 54481
1000000000000000000 161952
1000000000000000000 816073
1000000000000000000 23153
1000000000000000000 487733
1000000000000000000 485964
1000000000000000000 770574
1000000000000000000 738496
1000000000000000000 269007
1000000000000000000 117679
1000000000000000000 931061
1000000000000000000 3477
1000000000000000000 962894
1000000000000000000 512971
1000000000000000000 597063
1000000000000000000 787386
1000000000000000000 467477
1000000000000000000 923263
1000000000000000000 187744
1000000000000000000 786736
1000000000000000000 115440
1000000000000000000 384787
1000000000000000000 791302
1000000000000000000 716518
1000000000000000000 94044
1000000000000000000 2097
1000000000000000000 752174
1000000000000000000 23057
1000000000000000000 406774
1000000000000000000 639292
1000000000000000000 710147
1000000000000000000 567335
1000000000000000000 507600
1000000000000000000 320434
1000000000000000000 734944
1000000000000000000 378352
1000000000000000000 451562
1000000000000000000 269279
1000000000000000000 105028
1000000000000000000 447285
1000000000000000000 603150
1000000000000000000 648472
1000000000000000000 560277
1000000000000000000 44101
1000000000000000000 813146
1000000000000000000 368328
1000000000000000000 332823
1000000000000000000 171109
1000000000000000000 372819
1000000000000000000 961783
1000000000000000000 14902
1000000000000000000 114390
1000000000000000000 393042
1000000000000000000 126891
1000000000000000000 911375
1000000000000000000 886506
1000000000000000000 511386
1000000000000000000 829679
1000000000000000000 893126
1000000000000000000 74108
1000000000000000000 759581
1000000000000000000 78302
1000000000000000000 469360
1000000000000000000 110152
1000000000000000000 20720
1000000000000000000 411701
1000000000000000000 814916
1000000000000000000 325629
1000000000000000000 181475
1000000000000000000 268891
1000000000000000000 55982
1000000000000000000 915626
1000000000000000000 94646
1000000000000000000 476039
1000000000000000000 162408
1000000000000000000 438459
1000000000000000000 205086
1000000000000000000 967330
1000000000000000000 604754
1000000000000000000 151149
1000000000000000000 517239
1000000000000000000 743314
1000000000000000000 79725
1000000000000000000 11073
1000000000000000000 326234
1000000000000000000 471038
1000000000000000000 683435
1000000000000000000 70219
1000000000000000000 728658
1000000000000000000 446585
1000000000000000000 755673
1000000000000000000 491030
1000000000000000000 821451
1000000000000000000 305275
1000000000000000000 811585
1000000000000000000 746238
1000000000000000000 569836
1000000000000000000 52940
1000000000000000000 101359
1000000000000000000 595653
1000000000000000000 588286
1000000000000000000 70815
1000000000000000000 658035
1000000000000000000 620457
1000000000000000000 833692
1000000000000000000 871438
1000000000000000000 313424
1000000000000000000 730448
1000000000000000000 610817
1000000000000000000 625738
1000000000000000000 772664
1000000000000000000 967534
1000000000000000000 505056
1000000000000000000 384713
1000000000000000000 606758
1000000000000000000 787249
1000000000000000000 803768
1000000000000000000 615674
1000000000000000000 924914
1000000000000000000 272842
1000000000000000000 268195
1000000000000000000 580049
1000000000000000000 563349
1000000000000000000 480698
1000000000000000000 373982
1000000000000000000 687458
1000000000000000000 975318
1000000000000000000 951856
1000000000000000000 385602
1000000000000000000 512337
1000000000000000000 673493
1000000000000000000 783393
1000000000000000000 523806
1000000000000000000 272539
1000000000000000000 348047
1000000000000000000 467194
1000000000000000000 614704
1000000000000000000 437761
1000000000000000000 699150
1000000000000000000 762591
1000000000000000000 713406
1000000000000000000 810542
1000000000000000000 517042
1000000000000000000 962771
1000000000000000000 821652
1000000000000000000 852672
1000000000000000000 895513
1000000000000000000 711036
1000000000000000000 397241
1000000000000000000 262568
1000000000000000000 235150
1000000000000000000 128712
1000000000000000000 43124
1000000000000000000 365852
1000000000000000000 254521
1000000000000000000 26097
1000000000000000000 895382
1000000000000000000 701398
1000000000000000000 605276
1000000000000000000 396366
1000000000000000000 651098
1000000000000000000 499005
1000000000000000000 289744
1000000000000000000 999237
1000000000000000000 172032
1000000000000000000 631961
1000000000000000000 323194
1000000000000000000 683197
1000000000000000000 82656
1000000000000000000 730750
1000000000000000000 228625
1000000000000000000 602356
1000000000000000000 99117
1000000000000000000 247065
1000000000000000000 159384
1000000000000000000 439652
1000000000000000000 806900
1000000000000000000 22047
1000000000000000000 67357
1000000000000000000 954594
1000000000000000000 735883
1000000000000000000 958794
1000000000000000000 689694
1000000000000000000 471688
1000000000000000000 795079
1000000000000000000 128771
1000000000000000000 211823
1000000000000000000 745040
1000000000000000000 423527
1000000000000000000 508817
1000000000000000000 450567
1000000000000000000 51159
1000000000000000000 920225
1000000000000000000 474757
1000000000000000000 176200
1000000000000000000 165067
1000000000000000000 993009
1000000000000000000 539722
1000000000000000000 616537
1000000000000000000 672174
1000000000000000000 527072
1000000000000000000 373527
1000000000000000000 281054
1000000000000000000 816986
1000000000000000000 683102
1000000000000000000 462229
1000000000000000000 503156
1000000000000000000 555084
1000000000000000000 609826
1000000000000000000 275957
1000000000000000000 790096
1000000000000000000 950748
1000000000000000000 903789
1000000000000000000 538100
1000000000000000000 644741
1000000000000000000 312740
1000000000000000000 903491
1000000000000000000 211467
1000000000000000000 656966
1000000000000000000 956944
1000000000000000000 294925
1000000000000000000 474356
1000000000000000000 15378
1000000000000000000 538695
1000000000000000000 166942
1000000000000000000 278440
1000000000000000000 707538
1000000000000000000 964777
1000000000000000000 572952
1000000000000000000 534765
1000000000000000000 192711
1000000000000000000 254695
1000000000000000000 487005
1000000000000000000 578626
1000000000000000000 377579
1000000000000000000 682647
1000000000000000000 499489
1000000000000000000 348887
1000000000000000000 216951
1000000000000000000 658740
1000000000000000000 794985
1000000000000000000 255330
1000000000000000000 50835
1000000000000000000 880306
1000000000000000000 65911
1000000000000000000 20816
1000000000000000000 653682
1000000000000000000 574738
1000000000000000000 515923
1000000000000000000 487031
1000000000000000000 679743
1000000000000000000 445397
1000000000000000000 867951
1000000000000000000 150406
1000000000000000000 716597
1000000000000000000 60969
1000000000000000000 383410
1000000000000000000 624897
1000000000000000000 469365
1000000000000000000 465454
1000000000000000000 478610
1000000000000000000 589065
1000000000000000000 783882
1000000000000000000 132413
1000000000000000000 207281
1000000000000000000 262770
1000000000000000000 873392
1000000000000000000 742484
1000000000000000000 221901
1000000000000000000 869011
1000000000000000000 530348
1000000000000000000 591276
1000000000000000000 92725
1000000000000000000 421941
1000000000000000000 404916
1000000000000000000 203643
1000000000000000000 259658
1000000000000000000 121511
1000000000000000000 819764
1000000000000000000 137810
1000000000000000000 558463
1000000000000000000 749110
1000000000000000000 353113
1000000000000000000 61943
1000000000000000000 261536
1000000000000000000 773736
1000000000000000000 886923
1000000000000000000 145069
1000000000000000000 40691
1000000000000000000 268091
1000000000000000000 540870
1000000000000000000 755551
1000000000000000000 804248
1000000000000000000 730069
1000000000000000000 771912
1000000000000000000 922362
1000000000000000000 598750
1000000000000000000 55536
1000000000000000000 714866
1000000000000000000 139674
1000000000000000000 195569
1000000000000000000 149349
1000000000000000000 602009
1000000000000000000 185003
1000000000000000000 646852
1000000000000000000 707891
1000000000000000000 732007
1000000000000000000 965010
1000000000000000000 428426
1000000000000000000 845333
1000000000000000000 998161
1000000000000000000 873894
1000000000000000000 715971
1000000000000000000 111649
1000000000000000000 662098
1000000000000000000 142015
1000000000000000000 196434
1000000000000000000 236381
1000000000000000000 970843
1000000000000000000 112035
1000000000000000000 890130
1000000000000000000 732990
1000000000000000000 115713
1000000000000000000 712161
1000000000000000000 458580
1000000000000000000 445218
1000000000000000000 694542
1000000000000000000 168090
1000000000000000000 365823
1000000000000000000 899592
1000000000000000000 377477
1000000000000000000 227235
1000000000000000000 83820
1000000000000000000 481714
1000000000000000000 380508
1000000000000000000 287199
1000000000000000000 808228
1000000000000000000 502367
1000000000000000000 5548
1000000000000000000 817692
1000000000000000000 423734
1000000000000000000 808293
1000000000000000000 62791
1000000000000000000 444612
1000000000000000000 723359
1000000000000000000 158078
1000000000000000000 460861
1000000000000000000 462093
1000000000000000000 35943
1000000000000000000 841416
1000000000000000000 875453
1000000000000000000 192002
1000000000000000000 531730
1000000000000000000 539042
1000000000000000000 163517
1000000000000000000 341812
1000000000000000000 737183
1000000000000000000 365220
1000000000000000000 248168
1000000000000000000 238868
1000000000000000000 180256
1000000000000000000 559348
1000000000000000000 910603
1000000000000000000 161374
1000000000000000000 156485
1000000000000000000 480118
1000000000000000000 556609
1000000000000000000 910145
1000000000000000000 507343
1000000000000000000 414479
1000000000000000000 333833
1000000000000000000 989189
1000000000000000000 490840
1000000000000000000 593963
1000000000000000000 75027
1000000000000000000 179380
1000000000000000000 192915
1000000000000000000 9788
1000000000000000000 834388
1000000000000000000 685201
1000000000000000000 472626
1000000000000000000 826629
1000000000000000000 816799
1000000000000000000 856749
1000000000000000000 827055
1000000000000000000 605046
1000000000000000000 577074
1000000000000000000 397852
1000000000000000000 40971
1000000000000000000 680128
1000000000000000000 610711
1000000000000000000 826635
1000000000000000000 44507
1000000000000000000 825087
1000000000000000000 264046
1000000000000000000 170867
1000000000000000000 103801
1000000000000000000 4041
1000000000000000000 245654
1000000000000000000 909805
1000000000000000000 597304
1000000000000000000 395658
1000000000000000000 565364
1000000000000000000 867610
1000000000000000000 101840
1000000000000000000 666836
1000000000000000000 686596
1000000000000000000 476110
1000000000000000000 686487
1000000000000000000 380785
1000000000000000000 413600
1000000000000000000 933868
1000000000000000000 711459
1000000000000000000 712182
1000000000000000000 872479
1000000000000000000 60134
1000000000000000000 466915
1000000000000000000 98921
1000000000000000000 871559
1000000000000000000 853775
1000000000000000000 771907
1000000000000000000 791435
1000000000000000000 540275
1000000000000000000 182218
1000000000000000000 588332
1000000000000000000 988910
1000000000000000000 408905
1000000000000000000 468704
1000000000000000000 640724
1000000000000000000 170801
1000000000000000000 397983
1000000000000000000 407656
1000000000000000000 158825
1000000000000000000 544437
1000000000000000000 227618
1000000000000000000 578318
1000000000000000000 937684
1000000000000000000 532769
1000000000000000000 573066
1000000000000000000 115471
1000000000000000000 403745
1000000000000000000 83889
1000000000000000000 220662
1000000000000000000 274272
1000000000000000000 423717
1000000000000000000 732090
1000000000000000000 616685
1000000000000000000 760256
1000000000000000000 525694
1000000000000000000 945996
1000000000000000000 499864
1000000000000000000 68604
1000000000000000000 779233
1000000000000000000 323063
1000000000000000000 308529
1000000000000000000 802408
1000000000000000000 289559
1000000000000000000 41339
1000000000000000000 641696
1000000000000000000 285220
1000000000000000000 183141
1000000000000000000 668050
1000000000000000000 395240
1000000000000000000 53487
1000000000000000000 935952
1000000000000000000 976176
1000000000000000000 500135
1000000000000000000 662786
1000000000000000000 571391
1000000000000000000 331715
1000000000000000000 574948
1000000000000000000 855047
1000000000000000000 166300
1000000000000000000 943604
1000000000000000000 871557
1000000000000000000 947731
1000000000000000000 915614
1000000000000000000 215647
1000000000000000000 479026
1000000000000000000 193483
1000000000000000000 198291
1000000000000000000 703446
1000000000000000000 45618
1000000000000000000 838124
1000000000000000000 222434
1000000000000000000 251299
1000000000000000000 14053
1000000000000000000 159172
1000000000000000000 3914
1000000000000000000 393786
1000000000000000000 585302
1000000000000000000 43659
1000000000000000000 970927
1000000000000000000 278285
1000000000000000000 777410
1000000000000000000 703747
1000000000000000000 780774
1000000000000000000 858518
1000000000000000000 659019
1000000000000000000 690620
1000000000000000000 11578
1000000000000000000 190478
1000000000000000000 613571
1000000000000000000 776181
1000000000000000000 587263
1000000000000000000 19399
1000000000000000000 139220
1000000000000000000 131265
1000000000000000000 491681
1000000000000000000 476186
1000000000000000000 513367
1000000000000000000 861281
1000000000000000000 66751
1000000000000000000 666690
1000000000000000000 579108
1000000000000000000 801022
1000000000000000000 378076
1000000000000000000 231256
1000000000000000000 627811
1000000000000000000 586274
1000000000000000000 935928
1000000000000000000 691372
1000000000000000000 169864
1000000000000000000 243609
1000000000000000000 727933
1000000000000000000 329649
1000000000000000000 754348
1000000000000000000 450381
1000000000000000000 22911
1000000000000000000 23294
1000000000000000000 937029
1000000000000000000 332234
1000000000000000000 104791
1000000000000000000 636321
1000000000000000000 493778
1000000000000000000 322972
1000000000000000000 574768
1000000000000000000 292068
1000000000000000000 508553
1000000000000000000 521496
1000000000000000000 767372
1000000000000000000 11610
1000000000000000000 489660
1000000000000000000 55699
1000000000000000000 520455
1000000000000000000 394543
1000000000000000000 182699
1000000000000000000 119570
1000000000000000000 678935
1000000000000000000 190853
1000000000000000000 498803
1000000000000000000 371331
1000000000000000000 322772
1000000000000000000 383841
1000000000000000000 434280
1000000000000000000 311585
1000000000000000000 300568
1000000000000000000 606997
1000000000000000000 206176
1000000000000000000 541120
1000000000000000000 238374
1000000000000000000 318886
1000000000000000000 961794
1000000000000000000 446062
1000000000000000000 838918
